Gene_ID	Transcript_ID	POS	Allele1	Allele2	CEL_W_A1	CEL_W_A2	FUK_W_A1	FUK_W_A2	NIS_W_A1	NIS_W_A2	KAT_W_A1	KAT_W_A2	KUR_P_A1	KUR_P_A2	FUK_P_A1	FUK_P_A2	ONO_P_A1	ONO_P_A2	KAT_P_A1	KAT_P_A2	Length
TRINITY_DN38519_c0_g3	TRINITY_DN38519_c0_g3_i1	254	T	G	72	32	111	42	113	36	83	32	88	36	104	42	38	25	84	39	1002
TRINITY_DN38519_c0_g3	TRINITY_DN38519_c0_g3_i1	342	A	G	165	88	300	138	317	124	207	85	238	97	288	145	103	55	177	76	1002
TRINITY_DN38519_c0_g3	TRINITY_DN38519_c0_g3_i1	438	T	C	239	132	434	237	445	207	346	157	369	190	421	222	206	114	279	156	1002
TRINITY_DN38519_c0_g3	TRINITY_DN38519_c0_g3_i1	525	C	T	144	52	195	86	199	80	222	65	231	70	223	80	118	56	152	62	1002
TRINITY_DN38519_c0_g3	TRINITY_DN38519_c0_g3_i1	561	C	A	106	40	178	78	178	70	151	53	169	54	171	76	92	48	104	47	1002
TRINITY_DN38519_c0_g3	TRINITY_DN38519_c0_g3_i1	641	T	G	30	13	58	34	69	36	46	12	43	19	39	27	20	18	33	11	1002
TRINITY_DN38519_c0_g3	TRINITY_DN38519_c0_g3_i1	651	T	G	23	11	46	29	58	30	35	11	37	17	34	21	18	10	24	9	1002
TRINITY_DN4600_c0_g1	TRINITY_DN4600_c0_g1_i9	224	T	C	47	0	36	0	39	8	16	0	58	3	34	0	10	3	15	0	728
TRINITY_DN4600_c0_g1	TRINITY_DN4600_c0_g1_i9	246	A	T	42	0	39	0	39	8	19	0	56	4	37	0	11	3	18	0	728
TRINITY_DN4640_c0_g1	TRINITY_DN4640_c0_g1_i1	775	G	A	41	0	35	0	23	28	8	3	31	23	48	1	22	14	14	0	2742
TRINITY_DN4640_c0_g1	TRINITY_DN4640_c0_g1_i1	1443	T	A	41	0	20	0	37	1	7	0	31	19	46	6	13	12	11	0	2742
TRINITY_DN4640_c0_g1	TRINITY_DN4640_c0_g1_i1	1965	C	G	17	16	16	9	40	0	14	0	59	8	17	21	21	0	8	5	2742
TRINITY_DN4640_c0_g1	TRINITY_DN4640_c0_g1_i1	1997	A	G	19	15	15	10	41	0	13	0	53	7	18	20	20	0	11	3	2742
TRINITY_DN4640_c0_g2	TRINITY_DN4640_c0_g2_i3	1810	T	G	22	15	21	13	31	14	8	12	46	9	37	23	32	0	9	14	2685
TRINITY_DN4640_c0_g2	TRINITY_DN4640_c0_g2_i3	2101	G	A	175	0	223	1	97	109	57	73	177	87	231	14	69	53	112	0	2685
TRINITY_DN4640_c0_g2	TRINITY_DN4640_c0_g2_i3	2181	C	T	87	70	91	87	194	1	122	0	209	31	114	92	111	1	58	50	2685
TRINITY_DN4640_c0_g2	TRINITY_DN4640_c0_g2_i3	2469	T	A	12	11	17	24	31	0	23	1	26	4	20	15	27	0	9	9	2685
TRINITY_DN4640_c0_g2	TRINITY_DN4640_c0_g2_i3	2481	T	A	18	0	39	0	14	14	15	7	10	12	23	1	15	7	17	0	2685
TRINITY_DN4622_c1_g1	TRINITY_DN4622_c1_g1_i3	616	T	C	231	176	87	98	227	193	71	62	184	173	151	140	101	94	96	64	1310
TRINITY_DN4622_c1_g1	TRINITY_DN4622_c1_g1_i3	652	T	C	233	264	138	138	257	282	85	104	238	232	198	212	139	142	67	131	1310
TRINITY_DN4622_c1_g1	TRINITY_DN4622_c1_g1_i3	751	C	T	393	195	240	107	423	207	166	64	373	189	289	154	240	121	179	52	1310
TRINITY_DN4622_c1_g1	TRINITY_DN4622_c1_g1_i3	760	G	A	390	185	246	100	420	201	166	58	370	185	283	141	230	107	183	51	1310
TRINITY_DN4622_c1_g1	TRINITY_DN4622_c1_g1_i3	766	T	C	392	185	248	104	428	201	166	62	373	185	280	144	235	106	186	54	1310
TRINITY_DN4622_c1_g1	TRINITY_DN4622_c1_g1_i3	781	T	C	381	157	239	82	399	166	172	47	362	157	280	112	232	86	177	46	1310
TRINITY_DN4622_c1_g1	TRINITY_DN4622_c1_g1_i2	70	C	T	21	11	18	7	35	20	8	5	27	11	29	9	13	3	9	6	498
TRINITY_DN4622_c0_g1	TRINITY_DN4622_c0_g1_i12	1044	C	T	153	114	191	93	159	117	72	37	204	106	217	127	97	59	81	44	1747
TRINITY_DN4622_c0_g1	TRINITY_DN4622_c0_g1_i12	1173	A	C	98	161	67	185	74	180	43	71	273	0	302	1	124	0	105	29	1747
TRINITY_DN4622_c0_g1	TRINITY_DN4622_c0_g1_i12	1233	T	C	216	100	247	63	218	66	89	40	161	80	191	88	83	28	95	48	1747
TRINITY_DN4622_c0_g1	TRINITY_DN4622_c0_g1_i12	1248	T	C	223	101	245	63	221	67	89	39	153	83	181	90	76	27	98	47	1747
TRINITY_DN4622_c0_g1	TRINITY_DN4622_c0_g1_i12	1257	A	G	219	99	240	60	219	66	83	38	148	78	174	84	70	27	98	42	1747
TRINITY_DN4622_c0_g1	TRINITY_DN4622_c0_g1_i12	1260	C	T	320	0	290	0	280	0	117	1	78	144	83	172	26	70	78	58	1747
TRINITY_DN4622_c0_g1	TRINITY_DN4622_c0_g1_i12	1305	C	T	152	61	146	30	123	26	47	22	99	47	107	46	31	14	57	26	1747
TRINITY_DN4622_c0_g1	TRINITY_DN4622_c0_g1_i12	1418	G	A	51	15	39	8	24	6	16	6	22	11	27	6	8	2	20	8	1747
TRINITY_DN4647_c0_g1	TRINITY_DN4647_c0_g1_i1	166	G	A	4	7	10	16	13	5	6	6	11	16	13	10	5	6	5	6	1902
TRINITY_DN4647_c0_g1	TRINITY_DN4647_c0_g1_i1	185	C	T	6	8	14	22	14	7	10	6	13	20	16	12	5	6	6	7	1902
TRINITY_DN4647_c0_g1	TRINITY_DN4647_c0_g1_i1	205	T	G	10	9	33	26	25	8	17	7	26	26	21	15	10	9	11	10	1902
TRINITY_DN4647_c0_g1	TRINITY_DN4647_c0_g1_i1	212	C	A	11	16	38	29	26	15	17	13	28	33	21	22	11	11	11	13	1902
TRINITY_DN4647_c0_g1	TRINITY_DN4647_c0_g1_i1	271	C	T	21	30	48	39	28	26	22	20	38	52	25	36	17	14	17	18	1902
TRINITY_DN4647_c0_g1	TRINITY_DN4647_c0_g1_i1	309	A	C	27	34	46	36	33	21	22	16	36	50	25	35	20	14	19	17	1902
TRINITY_DN4647_c0_g1	TRINITY_DN4647_c0_g1_i1	319	G	A	34	32	45	35	40	20	21	15	44	47	28	33	19	11	20	16	1902
TRINITY_DN4647_c0_g1	TRINITY_DN4647_c0_g1_i1	320	C	T	36	32	42	34	41	20	20	15	48	47	28	33	21	11	21	16	1902
TRINITY_DN4647_c0_g1	TRINITY_DN4647_c0_g1_i1	343	C	A	35	34	40	37	40	21	12	14	45	49	31	36	20	12	21	17	1902
TRINITY_DN4647_c0_g1	TRINITY_DN4647_c0_g1_i1	590	A	G	47	36	57	56	49	41	27	17	64	55	66	48	19	23	20	13	1902
TRINITY_DN4647_c0_g1	TRINITY_DN4647_c0_g1_i1	667	C	T	52	41	47	55	43	36	28	17	60	55	61	54	19	18	19	15	1902
TRINITY_DN4647_c0_g1	TRINITY_DN4647_c0_g1_i1	721	T	C	44	31	30	38	28	35	24	12	47	41	36	44	15	11	10	9	1902
TRINITY_DN4647_c0_g1	TRINITY_DN4647_c0_g1_i1	887	G	A	40	21	33	15	16	17	12	7	26	27	30	28	10	11	10	7	1902
TRINITY_DN4647_c0_g1	TRINITY_DN4647_c0_g1_i1	1197	T	G	38	20	28	21	24	33	7	11	39	32	26	23	13	12	13	3	1902
TRINITY_DN4647_c0_g1	TRINITY_DN4647_c0_g1_i1	1198	G	A	38	21	28	21	24	33	8	10	39	32	28	23	12	12	14	3	1902
TRINITY_DN4647_c0_g1	TRINITY_DN4647_c0_g1_i1	1215	A	C	34	21	27	21	25	29	7	11	34	26	25	22	12	10	9	4	1902
TRINITY_DN4647_c0_g1	TRINITY_DN4647_c0_g1_i1	1300	A	G	31	14	25	22	31	21	3	8	36	19	28	21	14	12	12	7	1902
TRINITY_DN4647_c0_g1	TRINITY_DN4647_c0_g1_i1	1333	C	G	27	18	26	23	30	20	5	7	33	22	26	24	14	11	12	10	1902
TRINITY_DN4647_c0_g1	TRINITY_DN4647_c0_g1_i1	1354	C	G	26	19	22	23	30	22	5	6	38	19	27	23	15	12	10	10	1902
TRINITY_DN4647_c0_g1	TRINITY_DN4647_c0_g1_i1	1627	A	G	32	29	40	33	41	26	11	14	52	46	44	33	23	11	14	15	1902
TRINITY_DN4647_c0_g1	TRINITY_DN4647_c0_g1_i1	1672	A	G	34	23	41	29	36	30	10	13	45	40	43	32	18	8	15	13	1902
TRINITY_DN4647_c0_g1	TRINITY_DN4647_c0_g1_i1	1723	T	C	32	24	35	22	35	31	9	11	42	33	38	31	15	8	15	11	1902
TRINITY_DN4647_c0_g1	TRINITY_DN4647_c0_g1_i1	1794	T	G	13	16	23	10	16	21	3	7	24	16	19	19	9	8	5	1	1902
TRINITY_DN4643_c0_g1	TRINITY_DN4643_c0_g1_i1	120	A	T	56	78	75	91	57	78	23	45	75	66	83	103	32	48	37	37	1086
TRINITY_DN4643_c0_g1	TRINITY_DN4643_c0_g1_i1	188	C	T	119	175	134	162	119	125	50	82	129	149	149	181	76	104	66	62	1086
TRINITY_DN4643_c0_g1	TRINITY_DN4643_c0_g1_i1	205	A	G	133	193	152	178	124	140	62	84	144	163	166	200	92	109	70	66	1086
TRINITY_DN4643_c0_g1	TRINITY_DN4643_c0_g1_i1	210	A	C	151	213	172	192	139	151	63	98	154	177	180	219	105	119	77	76	1086
TRINITY_DN4643_c0_g1	TRINITY_DN4643_c0_g1_i1	222	T	C	166	245	184	237	147	172	69	122	172	216	196	252	116	139	77	101	1086
TRINITY_DN4643_c0_g1	TRINITY_DN4643_c0_g1_i1	477	A	G	233	295	197	256	208	227	106	136	249	295	250	301	138	174	91	100	1086
TRINITY_DN4643_c0_g1	TRINITY_DN4643_c0_g1_i1	519	G	A	224	262	197	227	193	188	90	119	241	268	248	288	125	124	100	86	1086
TRINITY_DN4643_c0_g1	TRINITY_DN4643_c0_g1_i1	522	G	A	224	255	198	223	192	186	89	116	247	264	250	282	123	120	99	85	1086
TRINITY_DN4643_c0_g1	TRINITY_DN4643_c0_g1_i1	525	G	A	225	250	190	224	184	185	86	117	242	260	242	283	119	118	93	84	1086
TRINITY_DN4643_c0_g1	TRINITY_DN4643_c0_g1_i1	555	G	A	231	277	198	250	186	210	90	120	241	295	244	313	117	138	97	104	1086
TRINITY_DN4643_c0_g1	TRINITY_DN4643_c0_g1_i1	561	G	A	231	273	206	250	185	214	90	119	237	299	237	320	111	142	102	106	1086
TRINITY_DN4643_c0_g1	TRINITY_DN4643_c0_g1_i1	579	A	G	232	297	218	258	190	225	101	120	260	297	251	334	123	150	100	114	1086
TRINITY_DN4662_c0_g1	TRINITY_DN4662_c0_g1_i2	221	T	A	8	6	12	7	16	11	4	4	9	7	9	13	5	4	5	2	872
TRINITY_DN4662_c0_g1	TRINITY_DN4662_c0_g1_i2	245	A	G	15	12	15	11	19	19	6	6	11	11	14	19	8	7	8	3	872
TRINITY_DN4662_c0_g1	TRINITY_DN4662_c0_g1_i2	260	C	T	14	12	15	12	19	20	5	6	12	12	14	19	8	7	8	3	872
TRINITY_DN4662_c0_g1	TRINITY_DN4662_c0_g1_i2	271	G	A	14	13	15	13	25	20	6	6	14	12	15	19	8	8	8	3	872
TRINITY_DN4662_c0_g1	TRINITY_DN4662_c0_g1_i2	276	C	A	14	13	16	13	25	20	6	6	14	12	14	19	8	8	8	3	872
TRINITY_DN4662_c0_g1	TRINITY_DN4662_c0_g1_i2	367	G	T	13	13	16	14	31	20	8	6	16	11	20	20	5	7	7	3	872
TRINITY_DN4662_c0_g1	TRINITY_DN4662_c0_g1_i2	377	C	T	15	13	18	12	27	18	6	6	16	12	21	20	5	6	6	3	872
TRINITY_DN4662_c0_g1	TRINITY_DN4662_c0_g1_i2	383	G	A	17	12	22	10	29	17	5	6	19	10	23	16	7	6	7	3	872
TRINITY_DN4662_c0_g1	TRINITY_DN4662_c0_g1_i2	419	G	T	16	11	17	9	25	15	4	6	14	9	18	15	6	7	5	3	872
TRINITY_DN4662_c0_g1	TRINITY_DN4662_c0_g1_i2	434	A	G	16	10	15	9	18	14	3	6	11	9	15	15	6	6	3	2	872
TRINITY_DN4662_c0_g1	TRINITY_DN4662_c0_g1_i2	446	G	T	16	10	16	8	16	14	3	7	11	9	17	12	6	7	3	2	872
TRINITY_DN4662_c0_g1	TRINITY_DN4662_c0_g1_i2	463	G	T	14	9	15	7	13	9	3	5	11	7	14	7	4	4	3	2	872
TRINITY_DN4683_c0_g2	TRINITY_DN4683_c0_g2_i1	59	C	T	21	5	19	7	30	10	12	4	18	14	16	15	23	5	15	7	1019
TRINITY_DN4683_c0_g2	TRINITY_DN4683_c0_g2_i1	83	C	T	37	16	45	21	57	25	26	9	42	24	46	24	44	14	23	16	1019
TRINITY_DN4683_c0_g2	TRINITY_DN4683_c0_g2_i1	198	A	T	86	41	114	39	117	61	40	25	88	61	108	53	82	41	43	25	1019
TRINITY_DN4683_c0_g2	TRINITY_DN4683_c0_g2_i1	235	G	C	83	46	124	35	130	59	43	26	91	63	121	58	86	40	49	24	1019
TRINITY_DN4683_c0_g2	TRINITY_DN4683_c0_g2_i1	342	A	G	76	43	96	35	115	59	44	19	85	54	118	44	78	33	40	18	1019
TRINITY_DN4683_c0_g2	TRINITY_DN4683_c0_g2_i1	417	A	C	63	36	75	27	97	54	34	13	71	55	98	37	47	22	34	13	1019
TRINITY_DN4683_c0_g2	TRINITY_DN4683_c0_g2_i1	429	A	G	63	34	71	29	96	55	34	13	74	53	91	39	49	20	35	15	1019
TRINITY_DN4683_c0_g2	TRINITY_DN4683_c0_g2_i1	456	G	A	60	30	68	25	93	56	28	13	63	51	75	33	42	20	35	12	1019
TRINITY_DN4683_c1_g1	TRINITY_DN4683_c1_g1_i2	831	C	T	12	0	20	0	26	0	9	0	23	0	32	0	15	6	9	0	2578
TRINITY_DN4675_c0_g1	TRINITY_DN4675_c0_g1_i2	103	A	T	9	7	18	11	13	11	2	3	5	10	10	9	6	1	3	5	2739
TRINITY_DN4675_c0_g1	TRINITY_DN4675_c0_g1_i2	347	A	C	159	154	117	150	132	137	70	72	136	178	135	165	66	83	59	53	2739
TRINITY_DN4675_c0_g1	TRINITY_DN4675_c0_g1_i2	467	T	C	141	147	153	126	115	138	76	59	146	148	142	133	66	73	58	62	2739
TRINITY_DN4675_c0_g1	TRINITY_DN4675_c0_g1_i2	488	A	G	147	149	162	125	124	134	78	56	151	142	142	131	66	72	59	56	2739
TRINITY_DN4675_c0_g1	TRINITY_DN4675_c0_g1_i2	491	C	G	146	145	165	122	128	132	78	57	153	139	145	131	68	73	58	56	2739
TRINITY_DN4675_c0_g1	TRINITY_DN4675_c0_g1_i2	518	C	T	161	141	175	113	145	121	73	49	166	130	168	133	67	76	56	52	2739
TRINITY_DN4675_c0_g1	TRINITY_DN4675_c0_g1_i2	521	T	C	166	142	176	113	154	125	74	49	167	137	167	133	66	76	60	51	2739
TRINITY_DN4675_c0_g1	TRINITY_DN4675_c0_g1_i2	626	A	G	183	178	115	165	163	160	62	63	159	179	164	156	77	79	57	65	2739
TRINITY_DN4675_c0_g1	TRINITY_DN4675_c0_g1_i2	746	A	G	169	159	118	152	169	133	67	59	167	166	141	155	86	97	67	59	2739
TRINITY_DN4675_c0_g1	TRINITY_DN4675_c0_g1_i2	773	G	T	144	143	97	131	149	133	54	50	146	155	121	144	70	78	55	59	2739
